                NPI1 t1 t2
 [1,]  62.77994    0  0  0
 [2,]  62.35789    0  1  0
 [3,]  56.71297    0  2  0
 [4,]  53.54759    0  3  0
 [5,]  52.12318    0  4  0
 [6,]  80.98084    0  5  0
 [7,]  83.40763    0  6  0
 [8,]  76.81310    0  7  0
 [9,]  79.66194    0  8  0
[10,]  69.42723    0  9  0
[11,]  70.42959    0 10  0
[12,]  75.12490    0 11  0
[13,]  98.39041    0 12  0
[14,]  92.27068    0 13  0
[15,]  90.16043    0 14  0
[16,]  89.84389    0 15  0
[17,]  87.89191    0 16  0
[18,]  74.12253    0 17  0
[19,]  75.86349    0 18  0
[20,]  99.02348    0 19  0
[21,]  95.22503    0 20  0
[22,]  87.78640    0 21  0
[23,]  85.30686    0 22  0
[24,]  75.44144    0 23  0
[25,]  72.06504    0 24  0
[26,]  78.13201    0 25  0
[27,] 105.88179   NA NA NA
[28,] 104.45738   NA NA NA
[29,] 106.09282   NA NA NA
[30,] 101.60854   NA NA NA
[31,]  84.99032   NA NA NA
[32,]  74.59734    1 31  1
[33,]  80.13674    1 32  2
[34,] 100.07861    1 33  3
[35,]  96.28016    1 34  4
[36,] 101.08098    1 35  5
[37,]  92.00690    1 36  6
[38,]  79.71469    1 37  7
[39,]  76.18003    1 38  8
[40,]  75.07214    1 39  9
[41,] 102.61091    1 40 10
Series: NI_cases_CP1$cases 
Regression with ARIMA(2,0,1) errors 

Coefficients:
         ar1      ar2      ma1  intercept      NPI1      t1       t2
      1.0653  -0.6256  -0.4352    65.7092  -12.4067  1.0493  -0.1615
s.e.  0.2055   0.1588   0.2355     3.6310    9.1029  0.2558   1.4733

sigma^2 estimated as 87.32:  log likelihood=-128.53
AIC=273.05   AICc=277.55   BIC=286.76

Training set error measures:
                     ME     RMSE      MAE       MPE     MAPE      MASE        ACF1
Training set -0.1294635 8.387026 6.907312 -1.428954 8.732896 0.8561634 0.002820538

z test of coefficients:

           Estimate Std. Error z value  Pr(>|z|)    
ar1         1.06531    0.20552  5.1835 2.178e-07 ***
ar2        -0.62560    0.15880 -3.9396 8.160e-05 ***
ma1        -0.43523    0.23546 -1.8484   0.06454 .  
intercept  65.70919    3.63105 18.0965 < 2.2e-16 ***
NPI1      -12.40667    9.10286 -1.3629   0.17290    
t1          1.04931    0.25579  4.1022 4.092e-05 ***
t2         -0.16151    1.47328 -0.1096   0.91270    
---
Signif. codes:  0 ‘***’ 0.001 ‘**’ 0.01 ‘*’ 0.05 ‘.’ 0.1 ‘ ’ 1


	Ljung-Box test

data:  Residuals from Regression with ARIMA(2,0,1) errors
Q* = 13.565, df = 3, p-value = 0.003562

Model df: 7.   Total lags used: 10

                2.5 %      97.5 %
ar1         0.6624944  1.46812021
ar2        -0.9368409 -0.31436762
ma1        -0.8967197  0.02626103
intercept  58.5924697 72.82591382
NPI1      -30.2479610  5.43461236
t1          0.5479687  1.55065298
t2         -3.0490975  2.72607043
