   admissions NPI1 t1 t2
1   1.8992250    0  0  0
2   1.8992250    0  1  0
3   2.1102500    0  2  0
4   1.4771750    0  3  0
5   1.1078813    0  4  0
6   1.8464688    0  5  0
7   2.4267875    0  6  0
8   1.9519813    0  7  0
9   1.4244188    0  8  0
10  1.7937125    0  9  0
11  1.7937125    0 10  0
12  1.2661500    0 11  0
13  1.3716625    0 12  0
14  1.6882000    0 13  0
15  1.9519813    0 14  0
16  1.5299313    0 15  0
17  1.5299313    0 16  0
18  1.7409563    0 17  0
19  1.0023688    0 18  0
20  1.5299313    0 19  0
21  1.5826875    0 20  0
22  1.5299313    0 21  0
23  0.8968563    0 22  0
24  1.0023688    0 23  0
25  0.8968563    0 24  0
26  1.5826875    0 25  0
27  1.3189063   NA NA NA
28  1.6882000   NA NA NA
29  1.2133938   NA NA NA
30  2.2157625   NA NA NA
31  1.4771750   NA NA NA
32  1.3716625   NA NA NA
33  1.4244188   NA NA NA
34  1.3716625    1 33  1
35  1.4244188    1 34  2
36  1.3716625    1 35  3
37  1.2133938    1 36  4
38  1.0023688    1 37  5
39  1.3716625    1 38  6
40  1.3189063    1 39  7
41  1.2661500    1 40  8
42  1.2133938    1 41  9
43  1.5826875    1 42 10
44  1.5826875    1 43 11
45  1.6354438    1 44 12
46  1.0551250    1 45 13
47  0.8968563    1 46 14
48  0.9496125    1 47 15
Series: dataset[, output] 
Regression with ARIMA(0,0,1) errors 

Coefficients:
         ma1  intercept    NPI1       t1      t2
      0.3554     1.9100  0.3447  -0.0266  0.0113
s.e.  0.1567     0.1359  0.2721   0.0093  0.0227

sigma^2 estimated as 0.06924:  log likelihood=-4.55
AIC=21.1   AICc=23.15   BIC=32.33

Training set error measures:
                       ME      RMSE       MAE       MPE     MAPE      MASE        ACF1
Training set 7.856102e-05 0.2694818 0.2153812 -3.706608 16.06958 0.7268216 -0.04421476

z test of coefficients:

            Estimate Std. Error z value  Pr(>|z|)    
ma1        0.3553923  0.1567144  2.2678  0.023343 *  
intercept  1.9100156  0.1359178 14.0527 < 2.2e-16 ***
NPI1       0.3446505  0.2721421  1.2664  0.205357    
t1        -0.0266390  0.0092947 -2.8661  0.004156 ** 
t2         0.0112822  0.0227295  0.4964  0.619635    
---
Signif. codes:  0 ‘***’ 0.001 ‘**’ 0.01 ‘*’ 0.05 ‘.’ 0.1 ‘ ’ 1


	Ljung-Box test

data:  Residuals from Regression with ARIMA(0,0,1) errors
Q* = 9.0924, df = 5, p-value = 0.1054

Model df: 5.   Total lags used: 10

                2.5 %       97.5 %
ma1        0.04823772  0.662546882
intercept  1.64362168  2.176409534
NPI1      -0.18873814  0.878039133
t1        -0.04485615 -0.008421792
t2        -0.03326680  0.055831129
