   smooth_cases_Delta NPI1 t1 t2
1               341.9    0  0  0
2               300.3    0  1  0
3               352.6    0  2  0
4               372.7    0  3  0
5               388.7    0  4  0
6               415.9    0  5  0
7               432.4    0  6  0
8               443.0    0  7  0
9               533.9    0  8  0
10              560.1    0  9  0
11              597.4    0 10  0
12              644.1    0 11  0
13              713.7    0 12  0
14              749.1    0 13  0
15              775.4    0 14  0
16              866.0    0 15  0
17              924.7    0 16  0
18              997.0    0 17  0
19             1068.4    0 18  0
20             1139.3    0 19  0
21             1178.4    0 20  0
22             1202.4    0 21  0
23             1310.1    0 22  0
24             1407.0    0 23  0
25             1511.1    0 24  0
26             1613.1    0 25  0
27             1709.2    0 26  0
28             1746.8    0 27  0
29             1774.4    0 28  0
30             1864.7    0 29  0
31             1997.1    0 30  0
32             2126.6    0 31  0
33             2289.8    0 32  0
34             2416.6   NA NA NA
35             2507.2   NA NA NA
36             2573.2   NA NA NA
37             2390.9   NA NA NA
38             2640.9   NA NA NA
39             2526.6    1 38  1
40             2827.4    1 39  2
41             3149.7    1 40  3
42             3291.3    1 41  4
43             3402.8    1 42  5
44             4060.8    1 43  6
45             4214.4    1 44  7
46             4724.9    1 45  8
47             4746.1    1 46  9
48             4811.1    1 47 10
49             4758.8    1 48 11
50             4676.4    1 49 12
51             4993.0    1 50 13
52             5331.7    1 51 14
53             5643.0    1 52 15
54             5886.8    1 53 16
55             6067.1    1 54 17
Series: dataset[, output] 
Regression with ARIMA(1,0,0) errors 

Coefficients:
         ar1      NPI1       t1        t2
      0.7813  -44.7763  66.0258  152.6671
s.e.  0.0998  234.6685   4.1535   16.1813

sigma^2 estimated as 11799:  log likelihood=-306.75
AIC=623.51   AICc=624.73   BIC=633.54

Training set error measures:
                   ME     RMSE      MAE        MPE     MAPE      MASE       ACF1
Training set 1.176259 109.7055 66.64472 0.02218081 4.742106 0.5394715 0.08415088

z test of coefficients:

       Estimate Std. Error z value  Pr(>|z|)    
ar1    0.781265   0.099837  7.8254 5.061e-15 ***
NPI1 -44.776272 234.668519 -0.1908    0.8487    
t1    66.025847   4.153545 15.8963 < 2.2e-16 ***
t2   152.667118  16.181290  9.4348 < 2.2e-16 ***
---
Signif. codes:  0 ‘***’ 0.001 ‘**’ 0.01 ‘*’ 0.05 ‘.’ 0.1 ‘ ’ 1


	Ljung-Box test

data:  Residuals from Regression with ARIMA(1,0,0) errors
Q* = 11.618, df = 6, p-value = 0.07107

Model df: 4.   Total lags used: 10

