         date smooth_cases smooth_cases_Delta smooth_cases_Omicron CP_int CP_t1 CP_t2
1  2021-10-31     4.417451           4.417451           0.00000000      0     0     0
2  2021-11-01     3.879966           3.879966           0.00000000      0     1     0
3  2021-11-02     4.555698           4.555698           0.00000000      0     2     0
4  2021-11-03     4.815396           4.815396           0.00000000      0     3     0
5  2021-11-04     5.022121           5.022121           0.00000000      0     4     0
6  2021-11-05     5.373553           5.373553           0.00000000      0     5     0
7  2021-11-06     5.586738           5.586738           0.00000000      0     6     0
8  2021-11-07     5.723693           5.723693           0.00000000      0     7     0
9  2021-11-08     6.898148           6.898148           0.00000000      0     8     0
10 2021-11-09     7.236660           7.236660           0.00000000      0     9     0
11 2021-11-10     7.718588           7.718588           0.00000000      0    10     0
12 2021-11-11     8.321966           8.321966           0.00000000      0    11     0
13 2021-11-12     9.221219           9.221219           0.00000000      0    12     0
14 2021-11-13     9.678597           9.678597           0.00000000      0    13     0
15 2021-11-14    10.018401          10.018401           0.00000000      0    14     0
16 2021-11-15    11.188980          11.188980           0.00000000      0    15     0
17 2021-11-16    11.947402          11.947402           0.00000000      0    16     0
18 2021-11-17    12.881540          12.881540           0.00000000      0    17     0
19 2021-11-18    13.804049          13.804049           0.00000000      0    18     0
20 2021-11-19    14.720098          14.720098           0.00000000      0    19     0
21 2021-11-20    15.229158          15.225282           0.00387609      0    20     0
22 2021-11-21    15.541830          15.535369           0.00516812      0    21     0
23 2021-11-22    16.934638          16.926886           0.00775218      0    22     0
24 2021-11-23    18.191783          18.178863           0.01292030      0    23     0
25 2021-11-24    19.540663          19.523866           0.01679639      0    24     0
26 2021-11-25    20.864993          20.841737           0.02325654      0    25     0
27 2021-11-26    22.114387          22.083378           0.03100872      0    26     0
28 2021-11-27    22.609234          22.569181           0.04005293      0    27     0
29 2021-11-28    22.977463          22.925781           0.05168120      0    28     0
30 2021-11-29    24.160962          24.092485           0.06847759      0    29     0
31 2021-11-30    25.896159          25.803132           0.09302616      0    30     0
32 2021-12-01    27.601638          27.476311           0.12532692      0    31     0
33 2021-12-02    29.755452          29.584904           0.17054797      0    32     0
34 2021-12-03    31.449304          31.223198           0.22739729     NA    NA    NA
35 2021-12-04    32.692237          32.393778           0.29845894     NA    NA    NA
36 2021-12-05    33.632835          33.246518           0.38760902     NA    NA    NA
37 2021-12-06    31.345941          30.891147           0.45479458     NA    NA    NA
38 2021-12-07    34.756901          34.121222           0.63567879     NA    NA    NA
39 2021-12-08    33.413189          32.644432           0.77004992      1    38     1
40 2021-12-09    37.620039          36.530858           1.08918134      1    39     2
41 2021-12-10    42.231295          40.695071           1.53622374      1    40     3
42 2021-12-11    44.554365          42.524585           2.02977923      1    41     4
43 2021-12-12    46.620321          43.965199           2.65512178      1    42     5
44 2021-12-13    56.475926          52.466757           4.00916928      1    43     6
45 2021-12-14    59.716337          54.451315           5.26373047      1    44     7
46 2021-12-15    68.515062          61.047128           7.46664172      1    45     8
47 2021-12-16    70.811000          61.321039           9.48866877      1    46     9
48 2021-12-17    74.330489          62.160858          12.16963114      1    47    10
49 2021-12-18    76.715577          61.485127          15.22915833      1    48    11
50 2021-12-19    79.355194          60.420494          18.93470054      1    49    12
51 2021-12-20    90.088088          64.511061          25.57702709      1    50    13
52 2021-12-21   103.439927          68.887167          34.55275992      1    51    14
53 2021-12-22   119.176853          72.909256          46.26759648      1    52    15
54 2021-12-23   137.124442          76.059226          61.06521677      1    53    16
55 2021-12-24   158.013984          78.388756          79.62393656      1    54    17

Call:
glm.nb(formula = dataset[, output] ~ CP_int + CP_t1 + CP_t2, 
    data = dataset, init.theta = 4640541.27, link = log)

Deviance Residuals: 
     Min        1Q    Median        3Q       Max  
-0.90413  -0.20346  -0.03345   0.16414   1.07632  

Coefficients:
             Estimate Std. Error z value Pr(>|z|)    
(Intercept)  1.444113   0.126078  11.454   <2e-16 ***
CP_int      -0.135336   0.123818  -1.093   0.2744    
CP_t1        0.061725   0.005498  11.227   <2e-16 ***
CP_t2       -0.014468   0.008635  -1.675   0.0938 .  
---
Signif. codes:  0 ‘***’ 0.001 ‘**’ 0.01 ‘*’ 0.05 ‘.’ 0.1 ‘ ’ 1

(Dispersion parameter for Negative Binomial(4640541) family taken to be 1)

    Null deviance: 898.6736  on 49  degrees of freedom
Residual deviance:   5.4475  on 46  degrees of freedom
  (5 observations deleted due to missingness)
AIC: 256.22

Number of Fisher Scoring iterations: 1


              Theta:  4640541 
          Std. Err.:  158980248 
Warning while fitting theta: iteration limit reached 

 2 x log-likelihood:  -246.224 
              Estimate       2.5 %      97.5 %
(Intercept)  1.4441130  1.19085040 1.685298812
CP_int      -0.1353356 -0.37739347 0.108108059
CP_t1        0.0617248  0.05105942 0.072621905
CP_t2       -0.0144676 -0.03141949 0.002435714
             Estimate     2.5 %   97.5 %
(Intercept) 4.2380912 3.2898777 5.394063
CP_int      0.8734228 0.6856462 1.114168
CP_t1       1.0636696 1.0523854 1.075324
CP_t2       0.9856366 0.9690690 1.002439
 lag Autocorrelation D-W Statistic p-value
   1       0.7052271     0.5710605       0
 Alternative hypothesis: rho != 0
