   cases_Delta NPI1 t1 t2
1     2.299814    0  0  0
2     2.480698    0  1  0
3     9.057131    0  2  0
4     6.757317    0  3  0
5     6.744397    0  4  0
6     7.622977    0  5  0
7     4.147416    0  6  0
8     3.255916    0  7  0
9    10.698009    0  8  0
10   11.434466    0  9  0
11   10.129516    0 10  0
12   10.969335    0 11  0
13   13.915164    0 12  0
14    7.351651    0 13  0
15    5.633251    0 14  0
16   18.889479    0 15  0
17   16.744710    0 16  0
18   16.667188    0 17  0
19   17.429486    0 18  0
20   20.323633    0 19  0
21   10.917654    0 20  0
22    7.816782    0 21  0
23   28.644306    0 22  0
24   25.517891    0 23  0
25   26.085816    0 24  0
26   26.666648    0 25  0
27   29.041606    0 26  0
28   14.351534    0 27  0
29   10.380040    0 28  0
30   36.815440    0 29  0
31   37.537763    0 30  0
32   37.860034    0 31  0
33   41.520704    0 32  0
34   40.644992   NA NA NA
35   22.867976   NA NA NA
36   16.786313   NA NA NA
37   20.604197   NA NA NA
38   60.457058   NA NA NA
39   27.985487    1 38  1
40   69.151413    1 39  2
41   70.570992    1 40  3
42   37.532569    1 41  4
43   29.655475    1 42  5
44   83.528594    1 43  6
45   76.827208    1 44  7
46   80.399723    1 45  8
47   75.592751    1 46  9
48   81.798785    1 47 10
49   44.884310    1 48 11
50   37.992196    1 49 12
51  118.171447    1 50 13
52  118.352073    1 51 14
53  122.641044    1 52 15
54  118.174237    1 53 16
55  121.055981    1 54 17
Series: dataset[, output] 
Regression with ARIMA(0,0,1) errors 

Coefficients:
         ma1     NPI1      t1      t2
      0.4696  -5.6091  1.0104  4.0120
s.e.  0.1433  11.4576  0.1776  0.9251

sigma^2 estimated as 168.8:  log likelihood=-199.91
AIC=409.81   AICc=411.04   BIC=419.85

Training set error measures:
                    ME     RMSE      MAE       MPE     MAPE      MASE        ACF1
Training set 0.1774948 13.12075 8.308424 -9.586053 34.98648 0.8306421 -0.07390059

z test of coefficients:

     Estimate Std. Error z value  Pr(>|z|)    
ma1   0.46956    0.14328  3.2771  0.001049 ** 
NPI1 -5.60907   11.45760 -0.4895  0.624453    
t1    1.01043    0.17765  5.6878 1.287e-08 ***
t2    4.01196    0.92506  4.3370 1.445e-05 ***
---
Signif. codes:  0 ‘***’ 0.001 ‘**’ 0.01 ‘*’ 0.05 ‘.’ 0.1 ‘ ’ 1


	Ljung-Box test

data:  Residuals from Regression with ARIMA(0,0,1) errors
Q* = 18.832, df = 6, p-value = 0.004458

Model df: 4.   Total lags used: 10

