         date smooth_cases smooth_cases_Delta smooth_cases_Omicron CP_int CP_t1 CP_t2
1  2021-10-31        341.9              341.9                  0.0      0     0     0
2  2021-11-01        300.3              300.3                  0.0      0     1     0
3  2021-11-02        352.6              352.6                  0.0      0     2     0
4  2021-11-03        372.7              372.7                  0.0      0     3     0
5  2021-11-04        388.7              388.7                  0.0      0     4     0
6  2021-11-05        415.9              415.9                  0.0      0     5     0
7  2021-11-06        432.4              432.4                  0.0      0     6     0
8  2021-11-07        443.0              443.0                  0.0      0     7     0
9  2021-11-08        533.9              533.9                  0.0      0     8     0
10 2021-11-09        560.1              560.1                  0.0      0     9     0
11 2021-11-10        597.4              597.4                  0.0      0    10     0
12 2021-11-11        644.1              644.1                  0.0      0    11     0
13 2021-11-12        713.7              713.7                  0.0      0    12     0
14 2021-11-13        749.1              749.1                  0.0      0    13     0
15 2021-11-14        775.4              775.4                  0.0      0    14     0
16 2021-11-15        866.0              866.0                  0.0      0    15     0
17 2021-11-16        924.7              924.7                  0.0      0    16     0
18 2021-11-17        997.0              997.0                  0.0      0    17     0
19 2021-11-18       1068.4             1068.4                  0.0      0    18     0
20 2021-11-19       1139.3             1139.3                  0.0      0    19     0
21 2021-11-20       1178.7             1178.4                  0.3      0    20     0
22 2021-11-21       1202.9             1202.4                  0.4      0    21     0
23 2021-11-22       1310.7             1310.1                  0.6      0    22     0
24 2021-11-23       1408.0             1407.0                  1.0      0    23     0
25 2021-11-24       1512.4             1511.1                  1.3      0    24     0
26 2021-11-25       1614.9             1613.1                  1.8      0    25     0
27 2021-11-26       1711.6             1709.2                  2.4      0    26     0
28 2021-11-27       1749.9             1746.8                  3.1      0    27     0
29 2021-11-28       1778.4             1774.4                  4.0      0    28     0
30 2021-11-29       1870.0             1864.7                  5.3      0    29     0
31 2021-11-30       2004.3             1997.1                  7.2      0    30     0
32 2021-12-01       2136.3             2126.6                  9.7      0    31     0
33 2021-12-02       2303.0             2289.8                 13.2      0    32     0
34 2021-12-03       2434.1             2416.6                 17.6     NA    NA    NA
35 2021-12-04       2530.3             2507.2                 23.1     NA    NA    NA
36 2021-12-05       2603.1             2573.2                 30.0     NA    NA    NA
37 2021-12-06       2426.1             2390.9                 35.2     NA    NA    NA
38 2021-12-07       2690.1             2640.9                 49.2     NA    NA    NA
39 2021-12-08       2586.1             2526.6                 59.6      1    38     1
40 2021-12-09       2911.7             2827.4                 84.3      1    39     2
41 2021-12-10       3268.6             3149.7                118.9      1    40     3
42 2021-12-11       3448.4             3291.3                157.1      1    41     4
43 2021-12-12       3608.3             3402.8                205.5      1    42     5
44 2021-12-13       4371.1             4060.8                310.3      1    43     6
45 2021-12-14       4621.9             4214.4                407.4      1    44     7
46 2021-12-15       5302.9             4724.9                577.9      1    45     8
47 2021-12-16       5480.6             4746.1                734.4      1    46     9
48 2021-12-17       5753.0             4811.1                941.9      1    47    10
49 2021-12-18       5937.6             4758.8               1178.7      1    48    11
50 2021-12-19       6141.9             4676.4               1465.5      1    49    12
51 2021-12-20       6972.6             4993.0               1979.6      1    50    13
52 2021-12-21       8006.0             5331.7               2674.3      1    51    14
53 2021-12-22       9224.0             5643.0               3581.0      1    52    15
54 2021-12-23      10613.1             5886.8               4726.3      1    53    16
55 2021-12-24      12229.9             6067.1               6162.7      1    54    17

Call:
glm.nb(formula = dataset[, output] ~ CP_int + CP_t1 + CP_t2, 
    data = dataset, init.theta = 331.8658755, link = log)

Deviance Residuals: 
     Min        1Q    Median        3Q       Max  
-2.30505  -0.79717  -0.06187   0.68092   2.59160  

Coefficients:
             Estimate Std. Error z value Pr(>|z|)    
(Intercept)  5.763115   0.024220 237.949  < 2e-16 ***
CP_int      -0.183479   0.039224  -4.678 2.90e-06 ***
CP_t1        0.063316   0.001218  51.993  < 2e-16 ***
CP_t2       -0.014046   0.003077  -4.565 4.99e-06 ***
---
Signif. codes:  0 ‘***’ 0.001 ‘**’ 0.01 ‘*’ 0.05 ‘.’ 0.1 ‘ ’ 1

(Dispersion parameter for Negative Binomial(331.8659) family taken to be 1)

    Null deviance: 10258.040  on 49  degrees of freedom
Residual deviance:    47.538  on 46  degrees of freedom
  (5 observations deleted due to missingness)
AIC: 603.76

Number of Fisher Scoring iterations: 1


              Theta:  331.9 
          Std. Err.:  79.6 

 2 x log-likelihood:  -593.761 
               Estimate       2.5 %       97.5 %
(Intercept)  5.76311518  5.71529902  5.810969065
CP_int      -0.18347854 -0.26137842 -0.105437189
CP_t1        0.06331590  0.06090412  0.065733806
CP_t2       -0.01404603 -0.02019962 -0.007890792
               Estimate       2.5 %      97.5 %
(Intercept) 318.3384688 303.4749341 333.9425809
CP_int        0.8323697   0.7699895   0.8999310
CP_t1         1.0653633   1.0627970   1.0679424
CP_t2         0.9860522   0.9800030   0.9921403
 lag Autocorrelation D-W Statistic p-value
   1       0.6801316     0.6058352       0
 Alternative hypothesis: rho != 0
