         date cases admissions vaccines1 vaccines2 CP_int CP_t1 CP_t2
1  2021-11-11   849         41      2373      3317      0     0     0
2  2021-11-12  1077         48      2619      3617      0     1     0
3  2021-11-13   569         43       767       759      0     2     0
4  2021-11-14   436         36       521       424      0     3     0
5  2021-11-15  1461         54      1562      2026      0     4     0
6  2021-11-16  1295         54      1988      3529      0     5     0
7  2021-11-17  1288         57      2931      4823      0     6     0
8  2021-11-18  1348         67      3225      5622      0     7     0
9  2021-11-19  1573         76      3877      5440      0     8     0
10 2021-11-20   845         65       807      3311      0     9     0
11 2021-11-21   603         53       612      1776      0    10     0
12 2021-11-22  2218         84      2487      4469      0    11     0
13 2021-11-23  1976         92      2993      6870      0    12     0
14 2021-11-24  2020         93      4378      7791      0    13     0
15 2021-11-25  2066         92      5314      9929      0    14     0
16 2021-11-26  2248         88      6675      9677      0    15     0
17 2021-11-27  1113         78      2682      3935      0    16     0
18 2021-11-28   805         69      1563      2058      0    17     0
19 2021-11-29  2856         89      4697      5756      0    18     0
20 2021-11-30  2917        111      6115      8301      0    19     0
21 2021-12-01  2944        120      7252      9937      0    20     0
22 2021-12-02  3227        101      7774     11874      0    21     0
23 2021-12-03  3164        132      6586     10494     NA    NA    NA
24 2021-12-04  1782         95      3462      2623     NA    NA    NA
25 2021-12-05  1310         86      2948      1873     NA    NA    NA
26 2021-12-06  1617        100      1803      1645     NA    NA    NA
27 2021-12-07  4765        116      3719      4095     NA    NA    NA
28 2021-12-08  2214        136      2356      1921     NA    NA    NA
29 2021-12-09  5510        129      6712     10690     NA    NA    NA
30 2021-12-10  5663        132      6404     10541      1    29     1
31 2021-12-11  3043        138      2853      2588      1    30     2
32 2021-12-12  2432        117      2667      2377      1    31     3
33 2021-12-13  6946        165      4598      6875      1    32     4
34 2021-12-14  6516        154      6558      8996      1    33     5
35 2021-12-15  6977        182     10711     10699      1    34     6
36 2021-12-16  6744        172     11969     11050      1    35     7
37 2021-12-17  7560        169     12464     11032      1    36     8
38 2021-12-18  4327        163     20601      3020      1    37     9
39 2021-12-19  3853        140     11560      1777      1    38    10
40 2021-12-20 12752        186     12418      7599      1    39    11
41 2021-12-21 13727        204     13628     10511      1    40    12

Call:
glm.nb(formula = dataset[, output] ~ CP_int + CP_t1 + CP_t2, 
    data = dataset, init.theta = 154.3085218, link = log)

Deviance Residuals: 
    Min       1Q   Median       3Q      Max  
-2.1976  -0.5993   0.1146   0.7357   1.5097  

Coefficients:
             Estimate Std. Error z value Pr(>|z|)    
(Intercept)  3.779869   0.064865  58.273   <2e-16 ***
CP_int      -0.173948   0.110911  -1.568    0.117    
CP_t1        0.045102   0.004882   9.239   <2e-16 ***
CP_t2       -0.014065   0.010645  -1.321    0.186    
---
Signif. codes:  0 ‘***’ 0.001 ‘**’ 0.01 ‘*’ 0.05 ‘.’ 0.1 ‘ ’ 1

(Dispersion parameter for Negative Binomial(154.3085) family taken to be 1)

    Null deviance: 445.934  on 33  degrees of freedom
Residual deviance:  34.343  on 30  degrees of freedom
  (7 observations deleted due to missingness)
AIC: 277.94

Number of Fisher Scoring iterations: 1


              Theta:  154.3 
          Std. Err.:  96.1 

 2 x log-likelihood:  -267.936 
               Estimate       2.5 %      97.5 %
(Intercept)  3.77986855  3.65134937 3.906560638
CP_int      -0.17394836 -0.39227766 0.044416859
CP_t1        0.04510195  0.03550664 0.054755744
CP_t2       -0.01406461 -0.03499681 0.006885201
              Estimate      2.5 %    97.5 %
(Intercept) 43.8102825 38.5266176 49.727626
CP_int       0.8403403  0.6755165  1.045418
CP_t1        1.0461345  1.0361445  1.056283
CP_t2        0.9860338  0.9656085  1.006909
 lag Autocorrelation D-W Statistic p-value
   1       0.2310882      1.518448       0
 Alternative hypothesis: rho != 0
         date cases admissions vaccines1 vaccines2 CP_int CP_t1 CP_t2
1  2021-11-11   849         41      2373      3317      0     0     0
2  2021-11-12  1077         48      2619      3617      0     1     0
3  2021-11-13   569         43       767       759      0     2     0
4  2021-11-14   436         36       521       424      0     3     0
5  2021-11-15  1461         54      1562      2026      0     4     0
6  2021-11-16  1295         54      1988      3529      0     5     0
7  2021-11-17  1288         57      2931      4823      0     6     0
8  2021-11-18  1348         67      3225      5622      0     7     0
9  2021-11-19  1573         76      3877      5440      0     8     0
10 2021-11-20   845         65       807      3311      0     9     0
11 2021-11-21   603         53       612      1776      0    10     0
12 2021-11-22  2218         84      2487      4469      0    11     0
13 2021-11-23  1976         92      2993      6870      0    12     0
14 2021-11-24  2020         93      4378      7791      0    13     0
15 2021-11-25  2066         92      5314      9929      0    14     0
16 2021-11-26  2248         88      6675      9677      0    15     0
17 2021-11-27  1113         78      2682      3935      0    16     0
18 2021-11-28   805         69      1563      2058      0    17     0
19 2021-11-29  2856         89      4697      5756      0    18     0
20 2021-11-30  2917        111      6115      8301      0    19     0
21 2021-12-01  2944        120      7252      9937      0    20     0
22 2021-12-02  3227        101      7774     11874      0    21     0
23 2021-12-03  3164        132      6586     10494     NA    NA    NA
24 2021-12-04  1782         95      3462      2623     NA    NA    NA
25 2021-12-05  1310         86      2948      1873     NA    NA    NA
26 2021-12-06  1617        100      1803      1645     NA    NA    NA
27 2021-12-07  4765        116      3719      4095     NA    NA    NA
28 2021-12-08  2214        136      2356      1921     NA    NA    NA
29 2021-12-09  5510        129      6712     10690     NA    NA    NA
30 2021-12-10  5663        132      6404     10541      1    29     1
31 2021-12-11  3043        138      2853      2588      1    30     2
32 2021-12-12  2432        117      2667      2377      1    31     3
33 2021-12-13  6946        165      4598      6875      1    32     4
34 2021-12-14  6516        154      6558      8996      1    33     5
35 2021-12-15  6977        182     10711     10699      1    34     6
36 2021-12-16  6744        172     11969     11050      1    35     7
37 2021-12-17  7560        169     12464     11032      1    36     8
38 2021-12-18  4327        163     20601      3020      1    37     9
39 2021-12-19  3853        140     11560      1777      1    38    10
40 2021-12-20 12752        186     12418      7599      1    39    11
41 2021-12-21 13727        204     13628     10511      1    40    12

Call:
glm.nb(formula = dataset[, output] ~ CP_int + CP_t1 + CP_t2, 
    data = dataset, init.theta = 154.3085218, link = log)

Deviance Residuals: 
    Min       1Q   Median       3Q      Max  
-2.1976  -0.5993   0.1146   0.7357   1.5097  

Coefficients:
             Estimate Std. Error z value Pr(>|z|)    
(Intercept)  3.779869   0.064865  58.273   <2e-16 ***
CP_int      -0.173948   0.110911  -1.568    0.117    
CP_t1        0.045102   0.004882   9.239   <2e-16 ***
CP_t2       -0.014065   0.010645  -1.321    0.186    
---
Signif. codes:  0 ‘***’ 0.001 ‘**’ 0.01 ‘*’ 0.05 ‘.’ 0.1 ‘ ’ 1

(Dispersion parameter for Negative Binomial(154.3085) family taken to be 1)

    Null deviance: 445.934  on 33  degrees of freedom
Residual deviance:  34.343  on 30  degrees of freedom
  (7 observations deleted due to missingness)
AIC: 277.94

Number of Fisher Scoring iterations: 1


              Theta:  154.3 
          Std. Err.:  96.1 

 2 x log-likelihood:  -267.936 
               Estimate       2.5 %      97.5 %
(Intercept)  3.77986855  3.65134937 3.906560638
CP_int      -0.17394836 -0.39227766 0.044416859
CP_t1        0.04510195  0.03550664 0.054755744
CP_t2       -0.01406461 -0.03499681 0.006885201
              Estimate      2.5 %    97.5 %
(Intercept) 43.8102825 38.5266176 49.727626
CP_int       0.8403403  0.6755165  1.045418
CP_t1        1.0461345  1.0361445  1.056283
CP_t2        0.9860338  0.9656085  1.006909
 lag Autocorrelation D-W Statistic p-value
   1       0.2310882      1.518448       0
 Alternative hypothesis: rho != 0
