          date smooth_cases smooth_admissions smooth_vaccines1 smooth_vaccines2 CP_int CP_t1 CP_t2
315 2021-11-11     775.1429          49.71429         1697.857         2079.714      0     0     0
316 2021-11-12     865.7143          49.00000         1714.714         2136.857      0     1     0
317 2021-11-13     924.2857          47.28571         1726.000         2349.286      0     2     0
318 2021-11-14     996.4286          47.57143         1823.000         2642.143      0     3     0
319 2021-11-15    1067.7143          51.28571         1944.714         2971.429      0     4     0
320 2021-11-16    1138.5714          55.28571         2124.429         3231.857      0     5     0
321 2021-11-17    1178.0000          58.42857         2130.143         3596.429      0     6     0
322 2021-11-18    1201.8571          60.85714         2143.143         3789.571      0     7     0
323 2021-11-19    1310.0000          65.14286         2275.286         4138.571      0     8     0
324 2021-11-20    1407.2857          70.57143         2418.857         4615.857      0     9     0
325 2021-11-21    1511.8571          75.71429         2625.571         5039.857      0    10     0
326 2021-11-22    1614.4286          79.28571         2924.000         5655.143      0    11     0
327 2021-11-23    1710.8571          81.00000         3323.714         6260.429      0    12     0
328 2021-11-24    1749.1429          82.85714         3591.571         6349.571      0    13     0
329 2021-11-25    1778.0000          85.14286         3727.429         6389.857      0    14     0
330 2021-11-26    1869.1429          85.85714         4043.143         6573.714      0    15     0
331 2021-11-27    2003.5714          88.57143         4489.143         6778.143      0    16     0
332 2021-11-28    2135.5714          92.42857         4899.714         7084.714      0    17     0
333 2021-11-29    2301.4286          93.71429         5251.143         7362.571      0    18     0
334 2021-11-30    2432.2857         100.00000         5238.429         7479.286      0    19     0
335 2021-12-01    2527.8571         102.42857         5349.857         7291.857      0    20     0
336 2021-12-02    2600.0000         104.85714         5547.714         7265.429      0    21     0
337 2021-12-03    2423.0000         106.42857         5134.286         6678.143      1    22     1
338 2021-12-04    2687.0000         107.14286         4792.000         6077.286      1    23     2
339 2021-12-05    2582.7143         109.42857         4092.571         4932.143      1    24     3
340 2021-12-06    2908.8571         113.42857         3940.857         4763.000      1    25     4
341 2021-12-07    3265.8571         113.42857         3914.857         4769.714      1    26     5
342 2021-12-08    3446.0000         119.57143         3827.857         4764.714      1    27     6
343 2021-12-09    3606.2857         124.00000         3787.714         4836.714      1    28     7
344 2021-12-10    4367.5714         133.28571         4187.000         5583.857      1    29     8
345 2021-12-11    4617.7143         138.71429         4592.571         6284.000      1    30     9
346 2021-12-12    5298.1429         145.28571         5786.143         7538.000      1    31    10
347 2021-12-13    5474.4286         151.42857         6537.143         7589.429      1    32    11
348 2021-12-14    5745.4286         156.71429         7402.857         7659.571      1    33    12
349 2021-12-15    5928.8571         160.28571         9938.286         7721.286      1    34    13
350 2021-12-16    6131.8571         163.57143        11208.714         7635.571      1    35    14
351 2021-12-17    6961.2857         166.57143        12325.857         7739.000      1    36    15
352 2021-12-18    7991.4286         173.71429        13335.857         7955.429      1    37    16
353 2021-12-19    9204.5714         175.42857        14324.286         7975.143      1    38    17
354 2021-12-20   10589.1429         178.42857        14966.857         7942.571      1    39    18

Call:
glm.nb(formula = dataset[, output] ~ CP_int + CP_t1 + CP_t2, 
    data = dataset, init.theta = 40.36710486, link = log)

Deviance Residuals: 
     Min        1Q    Median        3Q       Max  
-2.16334  -0.62207   0.02948   0.53243   3.01675  

Coefficients:
             Estimate Std. Error z value Pr(>|z|)    
(Intercept)  7.317147   0.065553 111.622  < 2e-16 ***
CP_int      -0.655393   0.101488  -6.458 1.06e-10 ***
CP_t1        0.064586   0.005331  12.116  < 2e-16 ***
CP_t2        0.018847   0.008939   2.108    0.035 *  
---
Signif. codes:  0 ‘***’ 0.001 ‘**’ 0.01 ‘*’ 0.05 ‘.’ 0.1 ‘ ’ 1

(Dispersion parameter for Negative Binomial(40.3671) family taken to be 1)

    Null deviance: 616.683  on 39  degrees of freedom
Residual deviance:  40.075  on 36  degrees of freedom
AIC: 644.26

Number of Fisher Scoring iterations: 1


              Theta:  40.37 
          Std. Err.:  9.07 

 2 x log-likelihood:  -634.263 
               Estimate       2.5 %      97.5 %
(Intercept)  7.31714675  7.19154371  7.44624961
CP_int      -0.65539296 -0.84666174 -0.46310522
CP_t1        0.06458604  0.05426305  0.07490489
CP_t2        0.01884718  0.00221385  0.03546830
               Estimate        2.5 %       97.5 %
(Intercept) 1505.901127 1328.1519049 1713.4250625
CP_int         0.519238    0.4288441    0.6293264
CP_t1          1.066717    1.0557623    1.0777816
CP_t2          1.019026    1.0022163    1.0361048
 lag Autocorrelation D-W Statistic p-value
   1       0.7313012     0.5135732       0
 Alternative hypothesis: rho != 0
