         date smooth_cases smooth_cases_Delta smooth_cases_Omicron CP_int CP_t1 CP_t2
1  2021-10-31        139.6              139.6                  0.0      0     0     0
2  2021-11-01        123.0              123.0                  0.0      0     1     0
3  2021-11-02        143.4              143.4                  0.0      0     2     0
4  2021-11-03        148.6              148.6                  0.0      0     3     0
5  2021-11-04        149.1              149.1                  0.0      0     4     0
6  2021-11-05        161.4              161.4                  0.0      0     5     0
7  2021-11-06        166.6              166.6                  0.0      0     6     0
8  2021-11-07        169.6              169.6                  0.0      0     7     0
9  2021-11-08        212.6              212.6                  0.0      0     8     0
10 2021-11-09        213.6              213.6                  0.0      0     9     0
11 2021-11-10        233.0              233.0                  0.0      0    10     0
12 2021-11-11        258.6              258.6                  0.0      0    11     0
13 2021-11-12        282.1              282.1                  0.0      0    12     0
14 2021-11-13        292.7              292.7                  0.0      0    13     0
15 2021-11-14        306.6              306.6                  0.0      0    14     0
16 2021-11-15        341.7              341.7                  0.0      0    15     0
17 2021-11-16        373.1              373.1                  0.0      0    16     0
18 2021-11-17        398.1              398.1                  0.0      0    17     0
19 2021-11-18        421.9              421.9                  0.0      0    18     0
20 2021-11-19        447.7              447.7                  0.0      0    19     0
21 2021-11-20        462.6              462.4                  0.1      0    20     0
22 2021-11-21        476.9              476.7                  0.2      0    21     0
23 2021-11-22        530.1              529.9                  0.2      0    22     0
24 2021-11-23        564.6              564.2                  0.4      0    23     0
25 2021-11-24        611.1              610.6                  0.5      0    24     0
26 2021-11-25        663.4              662.7                  0.7      0    25     0
27 2021-11-26        704.9              703.9                  1.0      0    26     0
28 2021-11-27        725.6              724.3                  1.3      0    27     0
29 2021-11-28        734.9              733.2                  1.6      0    28     0
30 2021-11-29        778.1              775.9                  2.2      0    29     0
31 2021-11-30        828.6              825.6                  3.0      0    30     0
32 2021-12-01        879.9              875.9                  4.0      0    31     0
33 2021-12-02        935.9              930.5                  5.3      0    32     0
34 2021-12-03        987.6              980.4                  7.1     NA    NA    NA
35 2021-12-04       1020.0             1010.7                  9.3     NA    NA    NA
36 2021-12-05       1051.4             1039.3                 12.1     NA    NA    NA
37 2021-12-06        968.3              954.2                 14.1     NA    NA    NA
38 2021-12-07       1108.3             1088.0                 20.3     NA    NA    NA
39 2021-12-08       1082.7             1057.8                 24.9      1    38     1
40 2021-12-09       1260.1             1223.6                 36.5      1    39     2
41 2021-12-10       1408.9             1357.6                 51.2      1    40     3
42 2021-12-11       1512.4             1443.5                 68.9      1    41     4
43 2021-12-12       1594.0             1503.2                 90.8      1    42     5
44 2021-12-13       1986.7             1845.7                141.0      1    43     6
45 2021-12-14       2129.3             1941.6                187.7      1    44     7
46 2021-12-15       2475.7             2205.9                269.8      1    45     8
47 2021-12-16       2577.3             2231.9                345.4      1    46     9
48 2021-12-17       2758.6             2306.9                451.6      1    47    10
49 2021-12-18       2852.7             2286.4                566.3      1    48    11
50 2021-12-19       2990.0             2276.6                713.4      1    49    12
51 2021-12-20       3524.7             2524.0               1000.7      1    50    13
52 2021-12-21       4130.4             2750.7               1379.7      1    51    14
53 2021-12-22       4818.0             2947.5               1870.5      1    52    15
54 2021-12-23       5641.1             3129.0               2512.2      1    53    16
55 2021-12-24       6730.4             3338.9               3391.5      1    54    17

Call:
glm.nb(formula = dataset[, output] ~ CP_int + CP_t1 + CP_t2, 
    data = dataset, init.theta = 397.1840822, link = log)

Deviance Residuals: 
    Min       1Q   Median       3Q      Max  
-2.3180  -0.7284  -0.2193   0.5707   2.6799  

Coefficients:
             Estimate Std. Error z value Pr(>|z|)    
(Intercept)  4.827009   0.029409 164.131  < 2e-16 ***
CP_int      -0.178942   0.040249  -4.446 8.75e-06 ***
CP_t1        0.064567   0.001401  46.096  < 2e-16 ***
CP_t2        0.000203   0.003071   0.066    0.947    
---
Signif. codes:  0 ‘***’ 0.001 ‘**’ 0.01 ‘*’ 0.05 ‘.’ 0.1 ‘ ’ 1

(Dispersion parameter for Negative Binomial(397.1841) family taken to be 1)

    Null deviance: 11637.896  on 49  degrees of freedom
Residual deviance:    43.443  on 46  degrees of freedom
  (5 observations deleted due to missingness)
AIC: 521.44

Number of Fisher Scoring iterations: 1


              Theta:  397 
          Std. Err.:  114 

 2 x log-likelihood:  -511.436 
                 Estimate       2.5 %       97.5 %
(Intercept)  4.8270088922  4.76898377  4.884739735
CP_int      -0.1789423843 -0.25854795 -0.099282815
CP_t1        0.0645671474  0.06180959  0.067337289
CP_t2        0.0002030379 -0.00590051  0.006308968
               Estimate       2.5 %      97.5 %
(Intercept) 124.8370007 117.7994693 132.2560393
CP_int        0.8361541   0.7721720   0.9054866
CP_t1         1.0666972   1.0637598   1.0696562
CP_t2         1.0002031   0.9941169   1.0063289
 lag Autocorrelation D-W Statistic p-value
   1       0.6406704      0.684518       0
 Alternative hypothesis: rho != 0
