0.0005344259 0 1
0.0005553327 0 1
0.0005738624 0 1
0.0005842957 0 1
0.0005902828 0 1
0.0005917606 0 1
0.0005955322 0 1
0.000596909 0 1
0.0006055814 0 1
0.000624149 0 1
0.0006472613 0 NA
0.00067028 0 NA
0.000688691 0 NA
0.0006933923 0 NA
0.0006987251 0 NA
0.0007004303 0 0
0.0006919448 0 0
0.0006827645 0 0
0.0006677058 0 0
0.0006529275 0 0
0.0006417314 0 0
0.0006249296 0 0
0.0006075089 0 0
0.0005876909 0 0
0.0005662813 0 0
0.0004906957 1 1
0.0004828289 1 1
0.0004741519 1 1
0.0004707543 1 1
0.0004706236 1 1
0.0004771052 1 1
0.0004797972 1 1
0.0004771052 1 1
0.0004781506 1 1
0.0004830903 1 1
0.0004791177 1 NA
0.0004700747 1 NA
0.000469552 1 NA
0.0004699963 1 NA
0.0004732372 1 NA
0.0004767916 1 0
0.0004713293 1 0
0.0004675919 1 0
0.0004640113 1 0
0.0004530343 1 0
0.0004525116 1 0
0.0004449584 1 0
0.0004428937 1 0
0.0004430505 1 0
0.000448539 1 0
