1.523048e-05 0 1
1.526837e-05 0 1
1.506628e-05 0 1
1.484144e-05 0 1
1.471008e-05 0 1
1.466714e-05 0 1
1.474545e-05 0 1
1.474292e-05 0 1
1.471008e-05 0 1
1.468987e-05 0 1
1.451556e-05 0 NA
1.413411e-05 0 NA
1.37956e-05 0 NA
1.326257e-05 0 NA
1.270175e-05 0 NA
1.237334e-05 0 NA
1.203736e-05 0 NA
1.179484e-05 0 0
1.14917e-05 0 0
1.123403e-05 0 0
1.108751e-05 0 0
1.101425e-05 0 0
1.085257e-05 0 0
1.060248e-05 0 0
1.039533e-05 0 0
1.037764e-05 0 0
1.022102e-05 0 0
1.019576e-05 0 0
1.415237e-05 1 1
1.392701e-05 1 1
1.383687e-05 1 1
1.383687e-05 1 1
1.419744e-05 1 1
1.433265e-05 1 1
1.383687e-05 1 1
1.356644e-05 1 1
1.343123e-05 1 1
1.307066e-05 1 1
1.298051e-05 1 NA
1.25298e-05 1 NA
1.25298e-05 1 NA
1.239459e-05 1 NA
1.275516e-05 1 NA
1.266502e-05 1 0
1.22143e-05 1 0
1.176359e-05 1 0
1.171852e-05 1 0
1.063681e-05 1 0
1.054667e-05 1 0
9.780457e-06 1 0
9.555101e-06 1 0
9.8706e-06 1 0
9.960742e-06 1 0
9.8706e-06 1 0
1.099738e-05 1 1
1.122274e-05 1 1
