0.0004913465 0 1
0.0004825831 0 1
0.000486284 0 1
0.0004964368 0 1
0.0005106215 0 1
0.0005344259 0 1
0.0005553327 0 1
0.0005738624 0 1
0.0005842957 0 1
0.0005902828 0 1
0.0005917606 0 1
0.0005955322 0 1
0.000596909 0 1
0.0006055814 0 1
0.000624149 0 1
0.0006472613 0 1
0.00067028 0 1
0.000688691 0 1
0.0006933923 0 1
0.0006987251 0 1
0.0007004303 0 1
0.0006919448 0 NA
0.0006827645 0 NA
0.0006677058 0 NA
0.0006529275 0 NA
0.0006417314 0 NA
0.0006249296 0 0
0.0006075089 0 0
0.0005876909 0 0
0.0005662813 0 0
0.0005498761 0 0
0.0005390034 0 0
0.0005259479 0 0
0.0005118012 0 0
0.0004983795 0 0
0.0004888304 0 0
0.0004822951 0 0
0.0004774903 0 0
0.0006872461 1 1
0.0006860292 1 1
0.000697297 1 1
0.0007155058 1 1
0.0007466049 1 1
0.0007731068 1 1
0.0007883409 1 1
0.0007970396 1 1
0.0008049722 1 1
0.0008088934 1 1
0.0008126343 1 1
0.0008069553 1 1
0.0008081272 1 1
0.000821964 1 1
0.0008600492 1 1
0.0009058867 1 1
0.0009551495 1 1
0.0009814711 1 1
0.001021314 1 1
0.001048627 1 1
0.001061653 1 1
0.001054171 1 NA
0.001041822 1 NA
0.0009901248 1 NA
0.0009451888 1 NA
0.0008953851 1 NA
0.000849142 1 0
0.0008134456 1 0
0.0007913156 1 0
0.0007682391 1 0
0.0007707181 1 0
0.0007711688 1 0
0.0007576023 1 0
0.0007457937 1 0
0.0007448472 1 0
0.0007265933 1 0
0.0007143339 1 0
0.0006949082 1 0
