1.329541e-05 0 1
1.318425e-05 0 1
1.303016e-05 0 1
1.282048e-05 0 1
1.261839e-05 0 1
1.247692e-05 0 1
1.22243e-05 0 1
1.205504e-05 0 1
1.174937e-05 0 1
1.168369e-05 0 1
1.167359e-05 0 1
1.149928e-05 0 1
1.163569e-05 0 1
1.153464e-05 0 1
1.136539e-05 0 1
1.146896e-05 0 1
1.147402e-05 0 1
1.151696e-05 0 1
1.163569e-05 0 NA
1.157254e-05 0 NA
1.170895e-05 0 NA
1.194389e-05 0 NA
1.201968e-05 0 NA
1.213083e-05 0 0
1.236324e-05 0 0
1.261586e-05 0 0
1.285332e-05 0 0
1.309331e-05 0 0
1.348487e-05 0 0
1.363897e-05 0 0
1.372234e-05 0 0
1.361371e-05 0 0
1.341161e-05 0 0
1.337625e-05 0 0
1.358592e-05 0 0
1.370971e-05 0 0
1.401538e-05 0 0
1.414926e-05 0 0
1.45383e-05 0 0
1.497028e-05 0 0
1.534416e-05 0 0
1.539468e-05 0 0
1.530879e-05 0 0
1.523048e-05 0 0
1.526837e-05 0 1
1.506628e-05 0 1
7.391682e-06 1 1
7.481824e-06 1 1
7.752252e-06 1 1
7.887465e-06 1 1
8.022679e-06 1 1
7.346611e-06 1 1
7.481824e-06 1 1
7.752252e-06 1 1
8.022679e-06 1 1
7.797323e-06 1 1
7.932537e-06 1 1
7.752252e-06 1 1
8.563534e-06 1 1
8.78889e-06 1 1
8.608605e-06 1 1
8.608605e-06 1 1
9.239602e-06 1 NA
9.690315e-06 1 NA
1.023117e-05 1 NA
1.009596e-05 1 NA
9.51003e-06 1 NA
1.063681e-05 1 0
1.104245e-05 1 0
1.090724e-05 1 0
1.072695e-05 1 0
1.090724e-05 1 0
1.108752e-05 1 0
1.212416e-05 1 0
1.158331e-05 1 0
1.131288e-05 1 0
1.18988e-05 1 0
1.257487e-05 1 0
1.243966e-05 1 0
1.271009e-05 1 0
1.293544e-05 1 0
1.311573e-05 1 0
1.370165e-05 1 0
1.361151e-05 1 0
1.356644e-05 1 0
1.401715e-05 1 0
1.388194e-05 1 0
1.37918e-05 1 0
1.424251e-05 1 1
1.415237e-05 1 1
1.392701e-05 1 1
1.383687e-05 1 1
