0.001156892 0 1
0.001058967 0 1
0.0009500646 0 1
0.000856345 0 1
0.000800718 0 1
0.0007757642 0 1
0.0007567318 0 1
0.0007447626 0 1
0.0007329122 0 1
0.0007282716 0 1
0.0007287591 0 1
0.0007220697 0 1
0.0007197279 0 1
0.0007080569 0 1
0.0006946806 0 0
0.0006802964 0 0
0.0006622922 0 0
0.0006462382 0 0
0.0006340593 0 0
0.0006289665 0 0
0.0006325082 0 0
0.0006314245 0 0
0.0006313613 0 0
0.0006275796 0 0
0.0006214839 0 0
0.0006205265 0 0
0.0006151633 0 0
0.0006090979 0 0
0.0006042981 0 0
0.0005958783 0 0
0.0005886685 0 0
0.0005790614 0 0
0.000563313 0 0
0.0005531046 0 0
0.0005411228 0 0
0.0005241063 0 0
0.0005068574 0 0
0.0004913465 0 0
0.0004825831 0 0
0.000486284 0 0
0.0004964368 0 0
0.0009675496 1 1
0.000945392 1 1
0.0009217271 1 1
0.0008899226 1 1
0.000886305 1 1
0.0008935401 1 1
0.0008912792 1 1
0.0008988158 1 1
0.0009125324 1 1
0.0009196922 1 1
0.0009313739 1 1
0.0009396642 1 1
0.0009368003 1 1
0.0009331827 1 1
0.0009195414 1 0
0.0008962533 1 0
0.0008701013 1 0
0.0008569122 1 0
0.0008471146 1 0
0.0008438739 1 0
0.0008468132 1 0
0.0008645996 1 0
0.0008710811 1 0
0.0008744725 1 0
0.000870252 1 0
0.0008693476 1 0
0.0008682925 1 0
0.0008630169 1 0
0.0008366388 1 0
0.0008220931 1 0
0.0008030255 1 0
0.000790364 1 0
0.0007654932 1 0
0.0007326336 1 0
0.0007085164 1 0
0.0006903532 1 0
0.0006656331 1 0
0.0006455858 1 0
0.000615364 1 0
0.0005943368 1 0
0.0005907946 1 0
