1.663757e-05 0 1
1.552352e-05 0 1
1.48086e-05 0 1
1.413411e-05 0 1
1.374507e-05 0 1
1.364655e-05 0 1
1.355561e-05 0 1
1.361118e-05 0 1
1.348235e-05 0 1
1.344193e-05 0 1
1.329541e-05 0 1
1.318425e-05 0 1
1.303016e-05 0 1
1.282048e-05 0 1
1.261839e-05 0 1
1.247692e-05 0 1
1.22243e-05 0 1
1.205504e-05 0 1
1.174937e-05 0 1
1.168369e-05 0 1
1.167359e-05 0 1
1.149928e-05 0 0
1.163569e-05 0 0
1.153464e-05 0 0
1.136539e-05 0 0
1.146896e-05 0 0
1.147402e-05 0 0
1.151696e-05 0 0
1.163569e-05 0 0
1.157254e-05 0 0
1.170895e-05 0 0
1.194389e-05 0 0
1.201968e-05 0 0
1.213083e-05 0 0
1.236324e-05 0 0
1.261586e-05 0 0
1.285332e-05 0 0
1.309331e-05 0 0
1.348487e-05 0 0
1.363897e-05 0 0
1.372234e-05 0 0
1.361371e-05 0 0
1.341161e-05 0 0
1.337625e-05 0 0
1.358592e-05 0 0
1.370971e-05 0 0
1.401538e-05 0 0
1.414926e-05 0 0
1.258613e-05 1 1
1.303833e-05 1 1
1.326443e-05 1 1
1.273687e-05 1 1
1.318906e-05 1 1
1.379199e-05 1 1
1.424419e-05 1 1
1.333979e-05 1 1
1.281223e-05 1 1
1.251077e-05 1 1
1.281223e-05 1 1
1.296296e-05 1 1
1.31137e-05 1 1
1.31137e-05 1 1
1.379199e-05 1 1
1.522395e-05 1 1
1.499785e-05 1 1
1.537468e-05 1 1
1.529931e-05 1 1
1.552541e-05 1 1
1.484712e-05 1 1
1.416882e-05 1 0
1.228467e-05 1 0
1.273687e-05 1 0
1.258613e-05 1 0
1.28876e-05 1 0
1.205857e-05 1 0
1.326443e-05 1 0
1.401809e-05 1 0
1.492248e-05 1 0
1.552541e-05 1 0
1.567614e-05 1 0
1.545004e-05 1 0
1.582688e-05 1 0
1.590224e-05 1 0
1.627907e-05 1 0
1.612834e-05 1 0
1.612834e-05 1 0
1.718346e-05 1 0
1.786176e-05 1 0
1.763566e-05 1 0
1.718346e-05 1 0
1.763566e-05 1 0
1.831396e-05 1 0
1.823859e-05 1 0
1.786176e-05 1 0
1.778639e-05 1 0
1.808786e-05 1 0
