1.358592e-05 0 1
1.370971e-05 0 1
1.401538e-05 0 1
1.414926e-05 0 1
1.45383e-05 0 1
1.497028e-05 0 1
1.534416e-05 0 1
1.539468e-05 0 1
1.530879e-05 0 1
1.523048e-05 0 1
1.526837e-05 0 NA
1.506628e-05 0 NA
1.484144e-05 0 NA
1.471008e-05 0 NA
1.466714e-05 0 NA
1.474545e-05 0 0
1.474292e-05 0 0
1.471008e-05 0 0
1.468987e-05 0 0
1.451556e-05 0 0
1.413411e-05 0 0
1.37956e-05 0 0
1.326257e-05 0 0
1.270175e-05 0 0
1.237334e-05 0 0
1.203736e-05 0 1
1.179484e-05 0 1
1.709268e-05 1 1
1.748471e-05 1 1
1.782447e-05 1 1
1.842559e-05 1 1
1.913125e-05 1 1
1.941874e-05 1 1
1.936647e-05 1 1
1.910512e-05 1 1
1.92358e-05 1 NA
1.941874e-05 1 NA
1.907898e-05 1 NA
1.918352e-05 1 NA
1.952329e-05 1 NA
1.949715e-05 1 0
1.949715e-05 1 0
1.952329e-05 1 0
1.983691e-05 1 0
2.028122e-05 1 0
1.936647e-05 1 0
1.855627e-05 1 0
1.764152e-05 1 0
1.774607e-05 1 0
1.805969e-05 1 0
1.766766e-05 1 1
1.766766e-05 1 1
1.766766e-05 1 1
1.792902e-05 1 1
