0.0006946806 0 1
0.0006802964 0 1
0.0006622922 0 1
0.0006462382 0 1
0.0006340593 0 1
0.0006289665 0 1
0.0006325082 0 1
0.0006314245 0 1
0.0006313613 0 1
0.0006275796 0 1
0.0006214839 0 1
0.0006205265 0 NA
0.0006151633 0 NA
0.0006090979 0 NA
0.0006042981 0 NA
0.0005958783 0 NA
0.0005886685 0 0
0.0005790614 0 0
0.000563313 0 0
0.0005531046 0 0
0.0005411228 0 0
0.0005241063 0 0
0.0005068574 0 0
0.0004913465 0 0
0.0004825831 0 0
0.0007235735 1 0
0.0007116747 1 0
0.0007064915 1 1
0.0006942772 1 1
0.0006922941 1 1
0.0006843165 1 1
0.0006944575 1 1
0.0006940519 1 1
0.0006992801 1 1
0.0007095564 1 1
0.0007193819 1 1
0.0007240693 1 1
0.0007326779 1 1
0.0007341202 1 NA
0.0007462894 1 NA
0.0007601263 1 NA
0.0007697265 1 NA
0.000759901 1 NA
0.0007468303 1 0
0.0007367343 1 0
0.0007268637 1 0
0.0007170833 1 0
0.000703607 1 0
0.0006872461 1 0
0.0006860292 1 0
0.0006946806 0 0
0.0006802964 0 0
0.0006622922 0 0
0.0006462382 0 0
