       cases NPI1 t1 t2
1   61.14220    0  0  0
2   58.19261    0  1  0
3   54.06883    0  2  0
4   47.41456    0  3  0
5   51.14930    0  4  0
6   73.44456    0  5  0
7   66.65589    0  6  0
8   66.18905    0  7  0
9   64.08649    0  8  0
10  57.42868    0  9  0
11  51.66035    0 10  0
12  54.90349    0 11  0
13  74.11476    0 12  0
14  70.92290    0 13  0
15  68.83626    0 14  0
16  64.13070    0 15  0
17  58.18730    0 16  0
18  49.18114    0 17  0
19  58.46847    0 18  0
20  82.63994    0 19  0
21  82.16072    0 20  0
22  81.43924    0 21  0
23  74.19964    0 22  0
24  67.55068    0 23  0
25  57.35088    0 24  0
26  60.10772    0 25  0
27  87.32251    0 26  0
28  81.81943    0 27  0
29  84.68768    0 28  0
30  82.49494    0 29  0
31  75.92908    0 30  0
32  70.67357    0 31  0
33  77.57541    0 32  0
34 126.26141    0 33  0
35 147.42316    0 34  0
36 160.91915   NA NA NA
37 151.04296   NA NA NA
38 136.57084   NA NA NA
39 127.20217   NA NA NA
40 126.39403   NA NA NA
41 188.19406    1 40  1
42 206.55476    1 41  2
43 219.44951    1 42  3
44 217.39293    1 43  4
45 187.38416    1 44  5
46  96.59923    1 45  6
47 158.37097    1 46  7
48 247.07986    1 47  8
49 269.90208    1 48  9
50 353.72681    1 49 10
51 303.18228    1 50 11
52 240.95609    1 51 12
53 155.63711    1 52 13
54 231.60509    1 53 14
55 299.50060    1 54 15
56 363.76569    1 55 16
57 283.45466    1 56 17
58 232.15505    1 57 18
59 163.44611    1 58 19
Series: dataset[, output] 
Regression with ARIMA(2,0,2) errors 

Coefficients:
         ar1      ar2      ma1     ma2  intercept     NPI1      t1      t2
      1.0964  -0.9504  -0.5677  0.5502    49.0322  77.9906  1.3089  4.0727
s.e.  0.0738   0.0478   0.1391  0.2127     9.0947  16.8664  0.4688  1.3252

sigma^2 estimated as 564.5:  log likelihood=-248.34
AIC=514.67   AICc=518.35   BIC=533.37

Training set error measures:
                     ME    RMSE      MAE      MPE     MAPE      MASE       ACF1
Training set -0.2389339 23.0894 14.98283 -2.86826 11.92609 0.6100942 0.01719039

z test of coefficients:

           Estimate Std. Error  z value  Pr(>|z|)    
ar1        1.096431   0.073784  14.8600 < 2.2e-16 ***
ar2       -0.950424   0.047832 -19.8700 < 2.2e-16 ***
ma1       -0.567709   0.139107  -4.0811 4.483e-05 ***
ma2        0.550209   0.212719   2.5866  0.009694 ** 
intercept 49.032204   9.094720   5.3913 6.996e-08 ***
NPI1      77.990565  16.866429   4.6240 3.764e-06 ***
t1         1.308934   0.468812   2.7920  0.005238 ** 
t2         4.072662   1.325221   3.0732  0.002118 ** 
---
Signif. codes:  0 ‘***’ 0.001 ‘**’ 0.01 ‘*’ 0.05 ‘.’ 0.1 ‘ ’ 1


	Ljung-Box test

data:  Residuals from Regression with ARIMA(2,0,2) errors
Q* = 11.885, df = 3, p-value = 0.007788

Model df: 8.   Total lags used: 11

               2.5 %      97.5 %
ar1        0.9518171   1.2410453
ar2       -1.0441731  -0.8566743
ma1       -0.8403548  -0.2950635
ma2        0.1332877   0.9671312
intercept 31.2068796  66.8575286
NPI1      44.9329717 111.0481583
t1         0.3900802   2.2277887
t2         1.4752769   6.6700476
