   admissions NPI1 t1 t2
1    1.198936    0  0  0
2    1.228998    0  1  0
3    1.260828    0  2  0
4    1.285585    0  3  0
5    1.232535    0  4  0
6    1.126434    0  5  0
7    1.080457    0  6  0
8    1.145886    0  7  0
9    1.064542    0  8  0
10   1.165338    0  9  0
11   1.329793    0 10  0
12   1.149422    0 11  0
13   1.096372    0 12  0
14   1.076920    0 13  0
15   1.073384    0 14  0
16   1.183021    0 15  0
17   1.236071    0 16  0
18   1.234303    0 17  0
19   1.271438    0 18  0
20   1.103446    0 19  0
21   1.122897    0 20  0
22   1.287353    0 21  0
23   1.301500    0 22  0
24   1.412905    0 23  0
25   1.333330    0 24  0
26   1.412905    0 25  0
27   1.250218    0 26  0
28   1.230766    0 27  0
29   1.365160    0 28  0
30   1.404064    0 29  0
31   1.441199    0 30  0
32   1.423516   NA NA NA
33   1.374002   NA NA NA
34   1.313878   NA NA NA
35   1.299732   NA NA NA
36   1.637485   NA NA NA
37   1.876211   NA NA NA
38   1.941640   NA NA NA
39   2.203354    1 38  1
40   2.213965    1 39  2
41   1.803709    1 40  3
42   2.265246    1 41  4
43   2.429702    1 42  5
44   3.096367    1 43  6
45   3.681689    1 44  7
46   4.190971    1 45  8
47   3.738276    1 46  9
48   3.149418    1 47 10
49   3.216615    1 48 11
50   3.326252    1 49 12
51   3.923952    1 50 13
52   3.715287    1 51 14
53   3.782484    1 52 15
54   3.612723    1 53 16
55   3.133503    1 54 17
56   3.292653    1 55 18
57   3.492476    1 56 19
58   3.854986    1 57 20
59   3.761264    1 58 21
60   3.457109    1 59 22
61   3.388144    1 60 23
Series: dataset[, output] 
Regression with ARIMA(2,0,0) errors 

Coefficients:
         ar1      ar2  intercept    NPI1      t1     t2
      0.9814  -0.3890     1.1259  1.1406  0.0071  0.051
s.e.  0.1227   0.1241     0.1727  0.3134  0.0098  0.018

sigma^2 estimated as 0.04279:  log likelihood=6.95
AIC=0.1   AICc=2.22   BIC=14.88

Training set error measures:
                      ME      RMSE       MAE        MPE     MAPE      MASE        ACF1
Training set 0.001483587 0.2087758 0.1496315 -0.6656669 6.803669 0.9001788 -0.04899087

z test of coefficients:

            Estimate Std. Error z value  Pr(>|z|)    
ar1        0.9813688  0.1227323  7.9960 1.285e-15 ***
ar2       -0.3889854  0.1241287 -3.1337 0.0017260 ** 
intercept  1.1258538  0.1727264  6.5181 7.119e-11 ***
NPI1       1.1406064  0.3134159  3.6393 0.0002734 ***
t1         0.0071228  0.0098050  0.7264 0.4675664    
t2         0.0509621  0.0180361  2.8256 0.0047198 ** 
---
Signif. codes:  0 ‘***’ 0.001 ‘**’ 0.01 ‘*’ 0.05 ‘.’ 0.1 ‘ ’ 1


	Ljung-Box test

data:  Residuals from Regression with ARIMA(2,0,0) errors
Q* = 24.317, df = 4, p-value = 6.9e-05

Model df: 6.   Total lags used: 10

                2.5 %      97.5 %
ar1        0.74081778  1.22191975
ar2       -0.63227309 -0.14569762
intercept  0.78731641  1.46439128
NPI1       0.52632254  1.75489033
t1        -0.01209466  0.02634022
t2         0.01561200  0.08631212
