   admissions NPI1 t1 t2
1   1.6405928    0  0  0
2   1.5143934    0  1  0
3   1.2304446    0  2  0
4   1.5459432    0  3  0
5   1.5143934    0  4  0
6   1.3566441    0  5  0
7   1.1673449    0  6  0
8   1.3250942    0  7  0
9   1.5774931    0  8  0
10  1.3250942    0  9  0
11  1.2304446    0 10  0
12  1.5459432    0 11  0
13  1.4197438    0 12  0
14  0.7571967    0 13  0
15  1.1988947    0 14  0
16  1.4197438    0 15  0
17  1.1357950    0 16  0
18  1.3250942    0 17  0
19  1.0726953    0 18  0
20  1.0095956    0 19  0
21  0.9464959   NA NA NA
22  1.5774931   NA NA NA
23  0.6940970   NA NA NA
24  1.0095956   NA NA NA
25  1.1988947   NA NA NA
26  1.1988947   NA NA NA
27  1.1042452   NA NA NA
28  0.6625471    1 27  1
29  0.7887465    1 28  2
30  1.1042452    1 29  3
31  1.1042452    1 30  4
32  0.8202964    1 31  5
33  0.8833961    1 32  6
34  0.6625471    1 33  7
35  0.6625471    1 34  8
36  0.9149460    1 35  9
37  0.9464959    1 36 10
38  0.5363476    1 37 11
39  0.9464959    1 38 12
40  0.7887465    1 39 13
41  0.8202964    1 40 14
42  0.4732479    1 41 15
43  0.7256468    1 42 16
44  0.8518463    1 43 17
45  1.0095956    1 44 18
46  0.8518463    1 45 19
Series: dataset[, output] 
Regression with ARIMA(0,0,0) errors 

Coefficients:
      intercept     NPI1       t1      t2
         1.5189  -0.1091  -0.0214  0.0179
s.e.     0.0740   0.1423   0.0067  0.0098

sigma^2 estimated as 0.02736:  log likelihood=13.39
AIC=-16.78   AICc=-15.28   BIC=-7.64

Training set error measures:
                        ME      RMSE       MAE       MPE     MAPE      MASE        ACF1
Training set -5.387855e-14 0.1716437 0.1354521 -3.552317 14.83843 0.5872256 -0.03445666

z test of coefficients:

            Estimate Std. Error z value Pr(>|z|)    
intercept  1.5189005  0.0739694 20.5342  < 2e-16 ***
NPI1      -0.1090724  0.1423165 -0.7664  0.44343    
t1        -0.0213970  0.0066580 -3.2137  0.00131 ** 
t2         0.0179099  0.0097988  1.8278  0.06758 .  
---
Signif. codes:  0 ‘***’ 0.001 ‘**’ 0.01 ‘*’ 0.05 ‘.’ 0.1 ‘ ’ 1


	Ljung-Box test

data:  Residuals from Regression with ARIMA(0,0,0) errors
Q* = 7.378, df = 5, p-value = 0.194

Model df: 4.   Total lags used: 9

                2.5 %       97.5 %
intercept  1.37392309  1.663877878
NPI1      -0.38800759  0.169862833
t1        -0.03444640 -0.008347547
t2        -0.00129536  0.037115128
