       cases NPI1 t1 t2
1   75.62502    0  0  0
2   61.86928    0  1  0
3   52.71982    0  2  0
4   59.40839    0  3  0
5   93.45069    0  4  0
6   90.54810    0  5  0
7   87.77172    0  6  0
8   76.28757    0  7  0
9   70.13534    0  8  0
10  62.21633    0  9  0
11  59.09289    0 10  0
12  91.71545   NA NA NA
13 106.70163   NA NA NA
14 103.26270   NA NA NA
15 101.27506   NA NA NA
16 102.50550   NA NA NA
17  97.07892    1 16  1
18  90.54810    1 17  2
19 127.90314    1 18  3
20 115.34629    1 19  4
21 108.49997    1 20  5
22  92.15715    1 21  6
23  83.38628    1 22  7
24  69.18885    1 23  8
25  72.12298    1 24  9
26  93.41914    1 25 10
27  83.26009    1 26 11
28  81.84034    1 27 12
29  82.47134    1 28 13
30  82.56599    1 29 14
31  73.16413    1 30 15
32  69.50435    1 31 16
33  90.67430    1 32 17
34  77.70731    1 33 18
35  75.75122    1 34 19
36  71.80749    1 35 20
37  64.01467    1 36 21
38  51.39472    1 37 22
Series: dataset[, output] 
Regression with ARIMA(0,0,1) errors 

Coefficients:
         ma1  intercept     NPI1       t1       t2
      0.4648    73.2746  39.3173  -0.3239  -1.7325
s.e.  0.1436     8.3062  16.0569   1.3807   1.4691

sigma^2 estimated as 115.4:  log likelihood=-125.41
AIC=262.83   AICc=265.54   BIC=272.65

Training set error measures:
                      ME     RMSE      MAE       MPE     MAPE      MASE       ACF1
Training set -0.05937448 10.74139 8.183537 -1.904342 10.29215 0.8176194 0.07251222

z test of coefficients:

          Estimate Std. Error z value  Pr(>|z|)    
ma1        0.46482    0.14358  3.2373  0.001207 ** 
intercept 73.27457    8.30616  8.8217 < 2.2e-16 ***
NPI1      39.31733   16.05691  2.4486  0.014340 *  
t1        -0.32390    1.38068 -0.2346  0.814525    
t2        -1.73247    1.46907 -1.1793  0.238279    
---
Signif. codes:  0 ‘***’ 0.001 ‘**’ 0.01 ‘*’ 0.05 ‘.’ 0.1 ‘ ’ 1


	Ljung-Box test

data:  Residuals from Regression with ARIMA(0,0,1) errors
Q* = 11.745, df = 3, p-value = 0.008308

Model df: 5.   Total lags used: 8

               2.5 %     97.5 %
ma1        0.1834024  0.7462356
intercept 56.9948025 89.5543324
NPI1       7.8463512 70.7883009
t1        -3.0299740  2.3821804
t2        -4.6117842  1.1468482
