       cases NPI1 t1 t2
1   75.62502    0  0  0
2   61.86928    0  1  0
3   52.71982    0  2  0
4   59.40839    0  3  0
5   93.45069    0  4  0
6   90.54810    0  5  0
7   87.77172    0  6  0
8   76.28757    0  7  0
9   70.13534    0  8  0
10  62.21633    0  9  0
11  59.09289   NA NA NA
12  91.71545   NA NA NA
13 106.70163   NA NA NA
14 103.26270   NA NA NA
15 101.27506   NA NA NA
16 102.50550    1 15  1
17  97.07892    1 16  2
18  90.54810    1 17  3
19 127.90314    1 18  4
20 115.34629    1 19  5
21 108.49997    1 20  6
22  92.15715    1 21  7
23  83.38628    1 22  8
24  69.18885    1 23  9
25  72.12298    1 24 10
26  93.41914    1 25 11
27  83.26009    1 26 12
28  81.84034    1 27 13
29  82.47134    1 28 14
30  82.56599    1 29 15
31  73.16413    1 30 16
32  69.50435    1 31 17
33  90.67430    1 32 18
34  77.70731    1 33 19
35  75.75122    1 34 20
36  71.80749    1 35 21
37  64.01467    1 36 22
38  51.39472    1 37 23
Series: dataset[, output] 
Regression with ARIMA(0,0,1) errors 

Coefficients:
         ma1  intercept     NPI1      t1       t2
      0.4290    71.3113  32.3267  0.3346  -2.2977
s.e.  0.1399     8.3920  16.6832  1.5472   1.6147

sigma^2 estimated as 114.1:  log likelihood=-125.2
AIC=262.39   AICc=265.1   BIC=272.22

Training set error measures:
                      ME     RMSE     MAE       MPE     MAPE      MASE       ACF1
Training set -0.01370201 10.68408 8.24224 -1.827098 10.30122 0.8234845 0.07393293

z test of coefficients:

          Estimate Std. Error z value Pr(>|z|)    
ma1        0.42903    0.13987  3.0674  0.00216 ** 
intercept 71.31125    8.39203  8.4975  < 2e-16 ***
NPI1      32.32670   16.68317  1.9377  0.05266 .  
t1         0.33458    1.54723  0.2162  0.82880    
t2        -2.29770    1.61468 -1.4230  0.15473    
---
Signif. codes:  0 ‘***’ 0.001 ‘**’ 0.01 ‘*’ 0.05 ‘.’ 0.1 ‘ ’ 1


	Ljung-Box test

data:  Residuals from Regression with ARIMA(0,0,1) errors
Q* = 11.439, df = 3, p-value = 0.009574

Model df: 5.   Total lags used: 8

               2.5 %     97.5 %
ma1        0.1548910  0.7031737
intercept 54.8631835 87.7593192
NPI1      -0.3717168 65.0251120
t1        -2.6979323  3.3670844
t2        -5.4624055  0.8670089
