         date smooth_cases smooth_cases_Delta smooth_cases_Omicron CP_int CP_t1 CP_t2
1  2021-10-31     1.803674           1.803674           0.00000000      0     0     0
2  2021-11-01     1.589197           1.589197           0.00000000      0     1     0
3  2021-11-02     1.852771           1.852771           0.00000000      0     2     0
4  2021-11-03     1.919957           1.919957           0.00000000      0     3     0
5  2021-11-04     1.926417           1.926417           0.00000000      0     4     0
6  2021-11-05     2.085337           2.085337           0.00000000      0     5     0
7  2021-11-06     2.152522           2.152522           0.00000000      0     6     0
8  2021-11-07     2.191283           2.191283           0.00000000      0     7     0
9  2021-11-08     2.746856           2.746856           0.00000000      0     8     0
10 2021-11-09     2.759776           2.759776           0.00000000      0     9     0
11 2021-11-10     3.010430           3.010430           0.00000000      0    10     0
12 2021-11-11     3.341190           3.341190           0.00000000      0    11     0
13 2021-11-12     3.644817           3.644817           0.00000000      0    12     0
14 2021-11-13     3.781772           3.781772           0.00000000      0    13     0
15 2021-11-14     3.961364           3.961364           0.00000000      0    14     0
16 2021-11-15     4.414867           4.414867           0.00000000      0    15     0
17 2021-11-16     4.820564           4.820564           0.00000000      0    16     0
18 2021-11-17     5.143572           5.143572           0.00000000      0    17     0
19 2021-11-18     5.451075           5.451075           0.00000000      0    18     0
20 2021-11-19     5.784419           5.784419           0.00000000      0    19     0
21 2021-11-20     5.976931           5.974347           0.00129203      0    20     0
22 2021-11-21     6.161691           6.159107           0.00258406      0    21     0
23 2021-11-22     6.849051           6.846467           0.00258406      0    22     0
24 2021-11-23     7.294802           7.289634           0.00516812      0    23     0
25 2021-11-24     7.895596           7.889136           0.00646015      0    24     0
26 2021-11-25     8.571327           8.562283           0.00904421      0    25     0
27 2021-11-26     9.107520           9.094600           0.01292030      0    26     0
28 2021-11-27     9.374970           9.358174           0.01679639      0    27     0
29 2021-11-28     9.495129           9.473164           0.02067248      0    28     0
30 2021-11-29    10.053286          10.024861           0.02842466      0    29     0
31 2021-11-30    10.705761          10.667000           0.03876090      0    30     0
32 2021-12-01    11.368573          11.316891           0.05168120      0    31     0
33 2021-12-02    12.092109          12.022340           0.06847759      0    32     0
34 2021-12-03    12.760089          12.667063           0.09173413     NA    NA    NA
35 2021-12-04    13.178707          13.058548           0.12015880     NA    NA    NA
36 2021-12-05    13.584404          13.428068           0.15633564     NA    NA    NA
37 2021-12-06    12.510727          12.328551           0.18217624     NA    NA    NA
38 2021-12-07    14.319569          14.057287           0.26228210     NA    NA    NA
39 2021-12-08    13.988809          13.667094           0.32171549      1    38     1
40 2021-12-09    16.280871          15.809280           0.47159097      1    39     2
41 2021-12-10    18.203412          17.540600           0.66151939      1    40     3
42 2021-12-11    19.540663          18.650454           0.89020871      1    41     4
43 2021-12-12    20.594959          19.421796           1.17316330      1    42     5
44 2021-12-13    25.668761          23.846999           1.82176239      1    43     6
45 2021-12-14    27.511196          25.086056           2.42514042      1    44     7
46 2021-12-15    31.986788          28.500891           3.48589710      1    45     8
47 2021-12-16    33.299491          28.836819           4.46267183      1    46     9
48 2021-12-17    35.641941          29.805841           5.83480775      1    47    10
49 2021-12-18    36.857742          29.540975           7.31676623      1    48    11
50 2021-12-19    38.631699          29.414356           9.21734245      1    49    12
51 2021-12-20    45.540184          32.610839          12.92934482      1    50    13
52 2021-12-21    53.366010          35.539871          17.82613875      1    51    14
53 2021-12-22    62.250008          38.082586          24.16742229      1    52    15
54 2021-12-23    72.884708          40.427621          32.45837919      1    53    16
55 2021-12-24    86.958791          43.139592          43.81919952      1    54    17

Call:
glm.nb(formula = dataset[, output] ~ CP_int + CP_t1 + CP_t2, 
    data = dataset, init.theta = 4556883.595, link = log)

Deviance Residuals: 
     Min        1Q    Median        3Q       Max  
-0.58727  -0.12394  -0.04143   0.10692   0.73215  

Coefficients:
              Estimate Std. Error z value Pr(>|z|)    
(Intercept)  0.4954730  0.2006311   2.470   0.0135 *  
CP_int      -0.1436081  0.1910329  -0.752   0.4522    
CP_t1        0.0636500  0.0087062   7.311 2.65e-13 ***
CP_t2       -0.0008163  0.0130231  -0.063   0.9500    
---
Signif. codes:  0 ‘***’ 0.001 ‘**’ 0.01 ‘*’ 0.05 ‘.’ 0.1 ‘ ’ 1

(Dispersion parameter for Negative Binomial(4556884) family taken to be 1)

    Null deviance: 503.0972  on 49  degrees of freedom
Residual deviance:   2.3846  on 46  degrees of freedom
  (5 observations deleted due to missingness)
AIC: 211.17

Number of Fisher Scoring iterations: 1


              Theta:  4556884 
          Std. Err.:  216470705 
Warning while fitting theta: iteration limit reached 

 2 x log-likelihood:  -201.168 
                 Estimate       2.5 %     97.5 %
(Intercept)  0.4954729527  0.08654065 0.87392358
CP_int      -0.1436080672 -0.51620237 0.23315614
CP_t1        0.0636500451  0.04686348 0.08103186
CP_t2       -0.0008163491 -0.02642832 0.02464651
             Estimate     2.5 %   97.5 %
(Intercept) 1.6412743 1.0903957 2.396294
CP_int      0.8662272 0.5967826 1.262579
CP_t1       1.0657194 1.0479789 1.084405
CP_t2       0.9991840 0.9739179 1.024953
 lag Autocorrelation D-W Statistic p-value
   1       0.6653049     0.6608048       0
 Alternative hypothesis: rho != 0
